camera_matrix:
- - 1382.9051260696745
  - 0.0
  - 1005.0528067934058
- - 0.0
  - 1379.9417912461442
  - 541.1493795515057
- - 0.0
  - 0.0
  - 1.0
dist_coeff:
- - 0.11798477738494176
  - -0.1883468380171588
  - 0.0035953735855806007
  - 0.0024175441482927108
  - 0.13373412015090186
